65.25344700277259
68.15458757629874
69.33125980340496
71.40624293611984
72.36636336781649
72.41054907787573
73.09343877678707
73.24579704641121
73.85751714705982
73.71278462921995
74.06127152960616
74.37372630740097
74.97301302083324
75.03300949086538
75.20801418040347
74.82371431530132
74.59167480454043
74.11462444172695
73.21609564697941
74.16370555450914
74.55709835434529
74.49084861426502
74.21858841108966
75.07341294995064
74.68504888034066
73.93940260810072
74.10446016203387
73.9290281275501
74.14371853686555
74.58135940187599
74.78909042940037
74.3836228637246
74.73077060575002
74.48330412280887
75.0569401435872
75.35500972650728
75.02481309518049
74.90954000388184
75.01805637634241
75.30106906632878
74.71602342918425
75.25644101429371
75.47408009715038
74.72091913913556
74.66230946305421
75.10752316370335
75.3510216266092
75.15909457866901
74.74448031942752
75.14600346581005
75.55571482755845
75.6647738179669
75.49914145583818
75.3727305501553
75.44842843275032
75.21284637079387
74.89533944073035
74.64114155686147
74.55766258720408
75.13789510058628
75.15211816003278
75.00133103987451
75.12920547281347
74.78211200390868
74.24323635412343
74.6813025835932
75.68284872099242
75.64329971619368
74.78187391662954
74.92310586340018
75.35406197424344
75.13671233907095
74.91198937173296
75.10576719547147
74.58661087836487
74.82940334993272
74.89699469903714
74.9760518102203
75.13733261564681
75.56687107352701
75.41928071755238
75.78823629017151
76.18621303274763
75.82156800568183
76.04268516220105
75.97165315101702
74.95654544589675
74.94692549527
75.0314757735627
75.28037748856418
75.06159822537572
75.9076491958969
75.86204316787988
75.3878895671357
75.7735391870921
75.44149042719587
75.21052563331968
75.87642031633055
75.24285970450657
74.63691166637773
74.9374329919257
74.95853082085132
75.83991634672603
75.48482972999751
75.45651770031822
75.1928570422606
75.18507002482923
74.18521354934718
74.6582334070799
75.26054457336735
75.24945245172286
75.8863688677796
75.32742857006271
75.41124876161948
75.77756590380311
75.8529737082031
75.36329901128616
75.56478647789324
75.07001740448982
75.7784979934282
75.63827260345953
75.36494275276304
75.04030793890273
74.84969641446301
75.5236516764292
74.856273227648
74.87340909069688
74.80631770575394
75.26772427087101
75.58497509801616
75.16250198736418
75.16062489846026
75.51507905341276
75.49528196515152
75.38907027057829
74.99952336800536
75.10184123052738
75.46667508653049
75.25705027390832
74.68195123966889
75.02066217107378
75.17816748608124
75.25419874641626
75.07296165759921
74.86549369439183
75.09516181150815
75.31261173517066
75.36095872966821
75.26878931460057
74.860877472106
75.38123028008752
75.53609855241584
75.65474420030348
75.88800858432178
76.02577817716953
76.04147340911776
75.7264549238348
75.43006190102557
75.21272164021848
75.17870658609264
75.31918278249786
75.27343210518846
75.62316405413736
75.33726289769237
76.10716092138232
75.54592930937551
75.52193723090213
75.58302140970481
75.29340729807436
75.61967387957226
75.41998509919857
75.32872284960209
75.01727459104215
75.03283139754336
74.89954917313287
74.99436715325062
75.44775949265109
75.16228966099536
75.61602414755508
75.95033279740794
75.5825221899916
75.02246869691383
74.90710172319532
75.04286000901061
75.07732483728577
75.09058901839495
74.98737378745582
74.7981502384016
75.62309558740833
75.39873907538991
75.46538722096528
74.70057898510672
74.88615883262351
74.08376874277646
74.34881347343837
75.19142488531675
75.30168293941357
75.17877744675013
75.03202195986653
75.22774849087185
74.95790120673665
74.5211860428084
75.12417510302146
74.5566658928648
75.3797572412368
75.92515710185803
75.56167291930421
75.02012469113542
74.5571323669435
74.81629064263724
75.18333855422746
75.50766112492214
74.02645469886552
75.47159868732805
75.78116291946804
75.9582996459133
75.75025633099408
75.68033185093758
75.46853467587167
75.4265586640807
75.62408352692866
75.7745956550358
75.29144506417751
75.51251064465983
75.44964751798291
75.24039521046188
75.67424823092661
75.9881721576141
76.1252451785235
75.93143114581818
75.85598412999485
75.1763495858415
75.63295463026586
75.90390156352343
75.81050010655011
75.80980216473925
75.89708981099368
75.82253129640975
75.79633828968574
75.54753659109853
75.78845588794647
75.69679318628191
76.04920928002078
75.79558024061113
75.63313081509588
75.92217595708453
75.51941517755002
75.8789648741571
75.69616056362574
75.67746654272884
75.76391712708542
75.50439279039338
75.8249579391016
76.01597671956705
75.85865062507825
75.77495073421878
75.56908007250411
75.76261711515292
75.96622016699654
75.68885930572571
75.84027290636573
75.542394566392
75.3705633106963
75.2256774004673
75.28708157427388
76.24966580382006
76.2900200332026
76.01011398115148
75.69225877491591
75.34288481616387
75.18220324199436
75.31646303234956
75.48752361212651
75.09440690929422
75.07670845534773
75.44622761667911
74.98979912999417
75.38518634782965
75.28278205366176
75.34241099264037
75.7271472236867
75.42580978158563
75.07633890931466
75.54352643633192
74.82753521350308
75.16672712347963
74.77543005596822
75.0393876415267
74.14899397454882
74.44341317559123
73.94184185243955
74.88162757836727
75.04019491953807
74.85865004920963
75.16107909816715
75.19819762774914
74.66042332459446
74.94672776110002
75.10749570760973
75.21440248555331