77.12241455254959
77.12241455254959
77.13411761402641
77.13411761402641
77.13411761402641
77.13411761402641
77.13411761402641
77.13411761402641
77.13411761402641
77.13411761402641
77.16834196051379
77.16834196051379
77.16834196051379
77.16834196051379
77.335509094336
77.335509094336
77.335509094336
77.3951849611383
77.3951849611383
77.3951849611383
77.3951849611383
77.3951849611383
77.3951849611383
77.3951849611383
77.3951849611383
77.3951849611383
77.3951849611383
77.3951849611383
77.3951849611383
77.47968010266766
77.47968010266766
77.47968010266766
77.47968010266766
77.47968010266766
77.47968010266766
77.47968010266766
77.47968010266766
77.47968010266766
77.47968010266766
77.47968010266766
77.47968010266766
77.47968010266766
77.47968010266766
77.47968010266766
77.47968010266766
77.51304680270103
77.51304680270103
77.51304680270103
77.51304680270103
77.51304680270103
77.51304680270103
77.51304680270103
77.51304680270103
77.51304680270103
77.51304680270103
77.51304680270103
77.51304680270103
77.51304680270103
77.51304680270103
77.51304680270103
77.51304680270103
77.51304680270103
77.51304680270103
77.51304680270103
77.51304680270103
77.51304680270103
77.51304680270103
77.51304680270103
77.51304680270103
77.51304680270103
77.51304680270103
77.51304680270103
77.51304680270103
77.51304680270103
77.51304680270103
77.51304680270103
77.51304680270103
77.51304680270103
77.57978020276775
77.57978020276775
77.57978020276775
77.57978020276775
77.57978020276775
77.57978020276775
77.57978020276775
77.57978020276775
77.57978020276775
77.57978020276775
77.57978020276775
77.57978020276775
77.57978020276775
77.57978020276775
77.57978020276775
77.57978020276775
77.57978020276775
77.57978020276775
77.57978020276775
77.57978020276775
77.57978020276775
77.57978020276775
77.57978020276775
77.57978020276775
77.57978020276775
77.57978020276775
77.57978020276775
77.57978020276775
77.57978020276775
77.57978020276775
77.57978020276775
77.57978020276775
77.57978020276775
77.58619539394046
77.58619539394046
77.58619539394046
77.58619539394046
77.58619539394046
77.58619539394046
77.58619539394046
77.58619539394046
77.58619539394046
77.58619539394046
77.58619539394046
77.58619539394046
77.58619539394046
77.58619539394046
77.58619539394046
77.58619539394046
77.58619539394046
77.58619539394046
77.58619539394046
77.58619539394046
77.58619539394046
77.58619539394046
77.58619539394046
77.58619539394046
77.58619539394046
77.58619539394046
77.58619539394046
77.58619539394046
77.58619539394046
77.58619539394046
77.58619539394046
77.58619539394046
77.58619539394046
77.58619539394046
77.58619539394046
77.58619539394046
77.58619539394046
77.58619539394046
77.58619539394046
77.58619539394046
77.58619539394046
77.58619539394046
77.58619539394046
77.58619539394046
77.58619539394046
77.58619539394046
77.58619539394046
77.58619539394046
77.58619539394046
77.58619539394046
77.58619539394046
77.58619539394046
77.58619539394046
77.58619539394046
77.58619539394046
77.58619539394046
77.58619539394046
77.58619539394046
77.58619539394046
77.58619539394046
77.58619539394046
77.58619539394046
77.58619539394046
77.58619539394046
77.58619539394046
77.58619539394046
77.58619539394046
77.58619539394046
77.58619539394046
77.58619539394046
77.58619539394046
77.58619539394046
77.58619539394046
77.58619539394046
77.58619539394046
77.58619539394046
77.58619539394046
77.58619539394046
77.58619539394046
77.58619539394046
77.58619539394046
77.58619539394046
77.58619539394046
77.58619539394046
77.58619539394046
77.58619539394046
77.58619539394046
77.58619539394046
77.58619539394046
77.58619539394046
77.58619539394046
77.58619539394046
77.58619539394046
77.58619539394046
77.58619539394046
77.58619539394046
77.58619539394046
77.58619539394046
77.58619539394046
77.58619539394046
77.62790376898216
77.62790376898216
77.62790376898216
77.62790376898216
77.62790376898216
77.62790376898216
77.62790376898216
77.62790376898216
77.62790376898216
77.62790376898216
77.62790376898216
77.62790376898216
77.62790376898216
77.62790376898216
77.62790376898216
77.62790376898216
77.62790376898216
77.62790376898216
77.62790376898216
77.62790376898216
77.62790376898216
77.62790376898216
77.62790376898216
77.62790376898216
77.62790376898216
77.62790376898216
77.62790376898216
77.62790376898216
77.62790376898216
77.62790376898216
77.62790376898216
77.62790376898216
77.62790376898216
77.62790376898216
77.62790376898216
77.62790376898216
77.62790376898216
77.62790376898216
77.62790376898216
77.62790376898216
77.62790376898216
77.62790376898216
77.62790376898216
77.62790376898216
77.62790376898216
77.62790376898216
77.62790376898216
77.62790376898216
77.62790376898216
77.62790376898216
77.62790376898216
77.62790376898216
77.62790376898216
77.62790376898216
77.62790376898216
77.62790376898216
77.62790376898216
77.62790376898216
77.62790376898216
77.62790376898216
77.62790376898216
77.62790376898216
77.62790376898216
77.62790376898216
77.62790376898216
77.62790376898216
77.62790376898216
77.62790376898216
77.62790376898216
77.62790376898216
77.62790376898216
77.62790376898216
77.62790376898216
77.62790376898216
77.62790376898216
77.62790376898216
77.62790376898216
77.62790376898216
77.62790376898216
77.62790376898216
77.62790376898216
77.62790376898216
77.62790376898216
77.62790376898216
77.62790376898216
77.62790376898216
77.62790376898216
77.62790376898216
77.62790376898216