32.96481384275918
32.96481384275918
32.96481384275918
32.96481384275918
33.3432473787201
37.36647819590386
32.96481384275918
35.22544140211257
38.120290832069436
35.1426632268045
32.96481384275918
32.96481384275918
32.96481384275918
35.1426632268045
60.69317450035963
34.73859279499173
34.73859279499173
34.73859279499173
34.73859279499173
35.22544140211257
32.96481384275918
35.1426632268045
32.96481384275918
35.1426632268045
34.67882649709785
34.67882649709785
34.67882649709785
34.67882649709785
32.96481384275918
34.73859279499173
34.67882649709785
34.73859279499173
35.1426632268045
35.1426632268045
32.96481384275918
47.69056862835818
35.22544140211257
34.67882649709785
34.73859279499173
35.22544140211257
34.67882649709785
35.1426632268045
35.22544140211257
35.22544140211257
35.22544140211257
50.78655664252824
51.92212325001012
38.120290832069436
35.1426632268045
35.1426632268045
56.35650256938234
56.35650256938234
48.62992982643891
34.67882649709785
47.653472229504025
34.73859279499173
34.73859279499173
35.1426632268045
32.96481384275918
47.45908826011358
34.67882649709785
35.1426632268045
34.73859279499173
34.73859279499173
34.73859279499173
35.1426632268045
60.088145334173156
54.543547550211464
35.1426632268045
32.96481384275918
35.22544140211257
50.47666008166227
46.048236211593974
45.648533573972045
38.120290832069436
38.120290832069436
35.22544140211257
48.37636629770552
44.063814079240736
43.06817176259667
48.403595444515396
48.23946099958877
59.38859396587353
35.22544140211257
34.73859279499173
34.73859279499173
34.67882649709785
34.67882649709785
48.403595444515396
48.213354506492465
48.66702622529307
48.79076436549546
50.84435891613029
35.22544140211257
60.41231297256862
34.73859279499173
34.73859279499173
47.45908826011358
46.83599457819637
32.96481384275918
35.1426632268045
34.73859279499173
48.62992982643891
48.582531083763705
51.025580960640426
48.90619515314373
35.22544140211257
34.67882649709785
35.1426632268045
47.60437710215496
39.66808458449228
49.86459386228429
34.73859279499173
34.73859279499173
48.730029926539004
47.76492532561411
38.120290832069436
38.120290832069436
38.120290832069436
60.20413134145373
35.22544140211257
35.22544140211257
35.22544140211257
35.22544140211257
48.54543468490955
34.73859279499173
34.73859279499173
34.73859279499173
51.034351057391845
51.72601973215057
35.13829543261366
35.13829543261366
48.6363450176116
48.73644511771171
35.1426632268045
34.67882649709785
38.120290832069436
32.96481384275918
32.96481384275918
32.96481384275918
32.96481384275918
38.120290832069436
38.120290832069436
34.73859279499173
32.96481384275918
48.790491682822754
48.790491682822754
35.1426632268045
49.751624706870174
48.075613621960514
48.58072943531785
34.73859279499173
45.8589988524668
61.523785118121026
65.42834570739831
66.95752064428946
50.50362348465665
43.2597790752258
38.120290832069436
43.2597790752258
40.314776516564855
40.314776516564855
40.36615371623019
40.36615371623019
60.111585205521386
47.521162291764426
47.521162291764426
48.830585896353064
46.110254478933
61.184466711390414
56.31238611847121
44.34674515390131
37.62890869919689
48.074285678741894
48.074285678741894
47.52601419846948
61.45549671360977
45.981812298176266
59.85574232370685
67.51650909703702
35.22544140211257
48.77354151656587
34.67882649709785
48.330893325649775
48.330893325649775
48.330893325649775
34.24323137447151
35.22544140211257
47.4622021111131
32.96481384275918
32.96481384275918
32.96481384275918
32.96481384275918
32.96481384275918
38.05195981225809
48.43957029612206
48.17310271449248
48.788036165249295
34.73859279499173
46.624778259259685
34.16391113623489
34.16391113623489
37.743136040043275
32.96481384275918
32.96481384275918
55.880455783698096
47.45908826011358
35.1426632268045
34.67882649709785
39.94244305483206
47.45908826011358
38.120290832069436
35.22544140211257
41.02065886950603
41.02065886950603
38.120290832069436
48.81524989160758
48.38982446618215
48.38982446618215
48.73644511771171
43.51765171235534
48.73644511771171
35.1426632268045
43.168059179810754
43.168059179810754
38.22978757487249
44.30821211430168
44.30821211430168
58.57938835729078
52.0840103322523
40.643968109298285
35.22544140211257
48.81456604517621
60.111585205521386
38.05195981225809
49.34467717971673
49.34467717971673
52.597390129414975
38.120290832069436
34.73859279499173
48.788036165249295
34.67882649709785
64.12023300960884
34.73859279499173
42.09598843973893
58.11480178990303
47.63871361294909
50.36481691723632
50.36481691723632
50.36481691723632
48.47666669497622
48.47666669497622
48.38998626470936
38.120290832069436
48.620923640590156
48.620923640590156
46.713489057097284
46.713489057097284
48.646259608548846
40.319133815039805
34.67882649709785
32.96481384275918
32.96481384275918
32.96481384275918
32.96481384275918
49.02387496762161
63.126413674947685
63.126413674947685
35.1426632268045
45.96442401787718
34.67882649709785
34.67882649709785
38.120290832069436
38.120290832069436
38.42668748110341
38.48115371204022
38.48115371204022
47.43167248298945
47.43167248298945
32.96481384275918
61.35963011014131
48.53415671858758
35.07932822646538
58.47420149108487
34.67882649709785
47.8703557797209
34.67882649709785
49.91271742849869
35.1426632268045
34.67882649709785
34.73859279499173
34.73859279499173
34.73859279499173
34.73859279499173
35.1426632268045
45.20147626050037
45.20147626050037
35.22544140211257
35.1426632268045
52.77774182310797