14.52058325032432
11.99366051736408
11.362811474701203
9.221779668728434
8.121492665551656
7.939914336598206
7.346543017422323
7.885186022384024
6.574621189340872
6.6658532864057545
6.218133559146087
5.552084217928129
4.630454309936695
3.879412687589922
2.8334714442244784
5.092684148908997
6.05441306419815
7.001577717701089
9.090312118336964
7.445332980992685
6.943649163208116
6.813367099092802
7.935610001548583
5.287574245850976
6.460439139668761
8.065638428441238
7.045294511113153
7.701141602678004
8.325762650543536
7.686828421546719
7.471106894827092
8.472531016693985
7.1279049936019785
7.346176168546219
5.384592229856065
4.601109958323952
5.389808331632288
6.318160020362774
6.125603058025811
5.4024991321421645
6.595074330365424
5.70010683467839
5.035599417028993
6.680290809121505
6.587442894772391
4.253712332187185
3.468029482484284
4.349458058254307
5.415729549941291
5.05737652406513
3.307654895760579
2.9580089289819984
3.0162974110164327
4.422076939863487
3.903536626270305
4.838904276619161
5.66343379520458
5.747601483112946
6.957896132610564
4.676833172783421
5.462671162925852
5.6650829848559106
5.557579182098761
6.103746108992887
7.124000805976395
6.3521334698463265
2.596381134349153
2.940281689728693
5.584072094992489
5.324302400745483
4.56863701480616
4.016657374353113
4.34533735356988
4.153205439378908
5.6301737216560355
5.177233179202109
4.946472721253201
4.823717711248106
4.718312016449007
4.563151539228527
4.819566608042966
3.6460631837779154
2.053539932953578
3.6666432089847754
3.3087738372470747
3.766215056227356
6.447907769681649
5.9495976604464005
5.049407422834707
4.842394706806699
5.540125783581299
3.2238148430711036
2.7645668718029537
4.652038880925859
2.6045826067371785
4.5488919088099795
5.173620007356993
2.8353639644494293
4.417211073636055
6.331873445006166
5.477197082384811
6.132390446376705
3.0861860500537097
3.4168629849302423
3.2835636678433873
4.061727625714373
4.7203285192682465
7.253898361170986
6.557704825322041
4.87257327624239
4.819627466261742
3.012361479267871
4.641085802245529
5.016336187127767
3.264721931052768
3.0342327677449417
4.904116804272539
4.607665200383364
5.67695533797414
2.9660579079598657
4.007017695480243
4.5742132555647785
5.435350272989088
6.430424046559619
3.989956095064366
6.399987059165105
6.007673238093467
5.6822555252463225
4.326707551249666
3.0877566552147497
5.826559214775273
5.041358912705912
3.2538890900395256
2.782673816108772
3.9469744444682755
5.4453763367055
4.403659073453692
3.7371299248475123
4.754178065601881
6.979603709585542
5.079075189173756
4.043851361340142
4.358197142646271
4.702402323308244
5.711218271957441
4.422530772011172
3.3749257698858655
4.4523101432916645
4.185700334675656
5.471395413466592
4.056036758876112
4.025306645592536
3.621220774108789
2.237087126872499
2.1014897973695548
1.907795470389326
2.9407158659692234
3.822165627731795
5.06961779443397
4.6501768292530565
4.713374528809793
5.077435786699535
3.995975263098748
4.3517457146469685
2.029390379764833
3.787011552052156
4.2109467989138505
3.034802843438854
3.7521429461413613
2.596009547989746
3.2976862184530735
3.971969111128813
5.050476404201529
4.226126711251469
4.382066729479881
4.005030537655212
2.5098650402173903
3.5055511111543436
2.470500290001846
1.7539986833618983
3.4917128974638802
3.9651628135434174
4.913553362087258
4.45654660217368
4.4541804943900924
4.7444122207995685
6.130344406096034
6.453233001395214
3.350050763108797
4.736704145736384
4.925095305800249
6.416986794427817
5.415251070157507
7.436861698483437
5.9878450930387555
3.67848920563719
3.776749354558312
3.5312649045278888
4.546769138312811
4.143102822654945
6.048962274195463
6.772701946418262
5.562690209483594
6.733288509806164
4.9676011049149125
2.6737253837821853
3.5718991369048347
5.678893231127758
5.93924222685851
5.448023324205859
4.206848943487059
3.9146661883871454
7.7892797570371135
4.354510209308381
3.8976619508037524
3.289396176032701
3.239691715517094
3.2620466918272117
3.759971103443695
4.072311802195664
4.1054186913090565
3.2635943122052566
5.221512408683308
4.955949308214311
4.713622940008438
5.019057854370854
3.4918857695443837
2.956833837149065
2.085256372944446
2.7684840349309314
3.631033170932906
5.906314799450827
3.723287889223445
2.4353000591984557
3.3257715688306226
3.0743228788139687
2.4858905496842914
2.5045258302380127
3.498679764077592
4.404395475117275
3.016008994453029
4.053356056233603
1.9525331413318237
3.517209764140638
3.581345151518658
2.094953216018905
3.338638636769221
2.959064502746457
3.163113776777903
3.399435696114247
3.298858314134875
4.325944653226583
3.6116874681451887
3.5069068625293967
3.615174510598784
4.382560184091828
4.596551929550222
3.927158562420628
3.161191431516372
4.479763508995534
4.42945999974221
5.287897478638101
5.411248270224933
6.051839294567491
5.832071761561916
2.550327190049334
1.8730223712793455
2.365315888224875
4.265807576580307
4.268677997267043
5.245652173116786
4.935129161770355
4.004068941232546
5.188945667632651
5.3984001610682615
4.12938608938571
5.305165312228615
3.885463898510078
4.310164188168085
4.539621609410889
2.5994553248931678
3.7511219347473137
4.925663148772879
3.0193575028834942
5.0473745870341045
4.039874406450139
5.221162442415236
4.174691229550456
6.261103937701595
5.732482499907657
6.6531467396814215
5.1809922521771385
4.278106090976724
5.562624370197461
4.395534087680002
3.8601660606786985
5.448634042121053
5.606490711803457
5.0633834432421345
3.8218035188632076