0.9065512635047812
0.912630007067193
0.9165863173677243
0.9244171803907986
0.9144975907676912
0.920047052891274
0.9139517355899266
0.9019771041353957
0.8997228349539907
0.8932561321983433
0.8783600554944776
0.8737091784541533
0.8600027065341136
0.8383481494775464
0.8219886535853873
0.797671951024966
0.7883356265454255
0.7727525923267129
0.7590120443487278
0.7589406157772992
0.7449472760628539
0.7258053362048337
0.7357233389168062
0.737337620642897
0.7123410704315227
0.707908949509452
0.6920942809284517
0.7080289941772354
0.7301191473239212
0.7346664672569195
0.7115429329185611
0.7318969812989913
0.7500202165227291
0.7854485722262103
0.7755247666905959
0.7753586910019071
0.7349781446917125
0.7260908111988514
0.7349400773709819
0.7541917868563597
0.7663061060937946
0.7720449487698231
0.7574283774572719
0.7643642087951132
0.7593865702973743
0.7550718563959771
0.7606789339917481
0.7611859550276635
0.736482714800554
0.7360210830487213
0.7321197872479279
0.7193886822278782
0.7216915874466125
0.7360120117180419
0.727567558209518
0.7248589284807877
0.7348954313414112
0.7341462616110858
0.7431227258224745
0.7360856482992162
0.7529698419949676
0.7602388783745567
0.7353288509368912
0.7273624248448369
0.7289142777936748
0.7158120236826268
0.7152800166053935
0.7101753407117729
0.7041418655325691
0.7076556130915428
0.7075168413384494
0.7157205944530065
0.6958379186419388
0.6958499342645071
0.6901020537251693
0.7177641727340219
0.7088489851856686
0.6908931895854006
0.69864016301956
0.6623863774416539
0.6599885494181976
0.657316013829833
0.6409319163527707
0.6476472798558226
0.657354383472474
0.6382810981592388
0.6683655267122603
0.6797663606633456
0.6656041415312772
0.670605561802798
0.6478068156020417
0.648296933384873
0.6616129677134702
0.6672607116501589
0.6757453927981566
0.672202875851117
0.6401168673593297
0.6037554307780438
0.6231166318327123
0.6108255327865881
0.6131518548453222
0.5816696749649012
0.569919215346351
0.5731239656490913
0.5638830689132196
0.5691144122488344
0.5564577300142627
0.561162794770835
0.5570951802245772
0.5558736669528127
0.548177522923754
0.5580153511340697
0.5543080932886209
0.5378522460231002
0.5308351849155869
0.5214118115273895
0.47583440401028343
0.4849322734774996
0.4581081079724296
0.4451032872766541
0.4471109203471012
0.43673546414501185
0.4444588909136648
0.4576325316224813
0.4325412549482901
0.440623481069461
0.4452226228545324
0.4717285521569441
0.46848039132838126
0.4258157943396637
0.46448137429293207
0.4881858595062113
0.4774854905005659
0.46720503867991303
0.4742742137817515
0.4838704229885134
0.46021581098968034
0.44818696441749206
0.48318523460970997
0.5042942653382352
0.5334243938640923
0.5419637692012064
0.5284938669649725
0.5536990042341801
0.5646202969280859
0.5780854940704188
0.5959798367461684
0.6133790247998792
0.6297360842264774
0.6458880989195059
0.639446665422796
0.6335627620564807
0.6343936012340534
0.633822633396754
0.6168375933112114
0.6159638170316563
0.6069849007776142
0.6200200551821156
0.6054168653791769
0.5808241008014877
0.5770252462501206
0.5608767197347599
0.5597016330961054
0.5668269905694528
0.5849306264645461
0.5883352370689054
0.5748148629706419
0.5918448852933778
0.593182288119474
0.5973203909435065
0.5677279079100688
0.5326451011300257
0.5841314164618184
0.5936164855524152
0.5998203795088217
0.6306084144777612
0.6277999731982145
0.6347481159265078
0.6303781568794132
0.6509980846902957
0.6407490194060546
0.6248184000533247
0.6523716536116034
0.6531590985786966
0.6206655363062399
0.6436908812851023
0.6419499010202527
0.6190218211436804
0.6226421021747655
0.6396970286832095
0.6649406134066937
0.626003550887973
0.5798713717884572
0.5587981051611705
0.5044582594959479
0.5055378428801796
0.49256949067124944
0.48968722636938716
0.4792224676496033
0.5106436146210016
0.5037148969121331
0.49416076511428275
0.48595034306843354
0.4841488954931166
0.5031810383920936
0.506901075195045
0.5096822486558668
0.5102455940207196
0.5301472005102659
0.54094759721016
0.5457486720426419
0.5520935043460169
0.5615580700706329
0.581542674522574
0.5815864739671273
0.5746139271114146
0.5696304044224898
0.5394747554929716
0.5302298271242996
0.4954438297604126
0.47803912304400037
0.4645109277935911
0.4520867136074423
0.4858712202788836
0.499580004515306
0.5170426446808356
0.5276981627677017
0.5075814687824739
0.504893450068997
0.4945066797015511
0.4860883087459721
0.5031492417983698
0.5091086315973251
0.5226296429700952
0.5186106162820987
0.5176334482100814
0.5264352874930764
0.48908296798120915
0.5219508427083803
0.5012675090124838
0.5368519217259241
0.5532572289396483
0.5638040122791452
0.5788396792921993
0.5679442923073577
0.5379743994140979
0.5722305740044433
0.5498655515338933
0.5421456616756647
0.51634821636307
0.49617466947772887
0.500754753707717
0.5349791736615931
0.5640531422669688
0.5312308001880867
0.5171682785388815
0.5002811144745818
0.5186959680464706
0.5174144790162378
0.5052350124749622
0.4972001845167674
0.4875129712554336
0.5128284430533174
0.4701256211683348
0.48563410124214146
0.49252832441149025
0.4815353833770919
0.47889687378506474
0.512209082932701
0.5131216626756827
0.5093907650138806
0.5198586986715127
0.5116634835014232
0.513168374478676
0.5090261129155601
0.5016016082605278
0.5055094094905653
0.49899040811226736
0.5247716497628558
0.5401273517102663
0.5565246701930119
0.5844874932437747
0.6000501634044347
0.6140827370563552
0.5955691389849681
0.6021194713996222
0.5889038666526104
0.5848600868004133
0.5691141216405036
0.6177717150242276
0.6128015608065859
0.6211736183972365
0.6302293375245637
0.6215604569913615
0.6678275167044011
0.6317237705064338
0.6431581810149649
0.659461840504554
0.6775771319690918
0.688425775090348